179 145 899 90 245 285 443 360 505 317 888 875 692 121 706 482 447 964 829 204 329 100 896 299 465 967 701 580 449 467 343 904 278 938 549 914 289 735 572 711 549 582 297 479 4 942 932 883 773 360 366 12 818 116 445 127 830 461 235 265 143 68 286 563 581 720 344 154 342 472 794 984 747 477 218 514 492 99 396 576
228 368 547 376 243 84 732 606 206 68 504 922 607 79 412 281 274 301 436 557 501 911 724 282 664 668 460 576 374 224 596 558 786 67 78 218 134 58 167 102 280 133 246 486 574 769 982 806 470 154 455 423 472 293 480 474 71 558 393 476 491 881 39 509 742 741 221 988 95 104 613 241 577 962 168 191 16 619 845 521
973 269 221 194 951 267 221 343 241 386 390 599 74 730 272 351 967 608 386 357 955 148 947 389 699 857 105 214 970 361 346 78 366 861 555 686 698 435 594 204 512 264 677 787 64 580 295 54 586 474 986 46 974 148 202 113 354 294 110 928 809 399 569 378 249 188 938 908 747 962 854 889 38 642 896 518 561 753 6 373
121 925 520 635 324 136 355 971 86 39 395 165 828 568 593 850 486 625 824 764 102 607 998 76 789 621 212 216 987 140 874 10 138 462 117 424 622 751 634 258 117 975 312 358 437 73 665 631 638 528 677 924 758 748 762 807 0 348 138 571 236 680 882 661 89 25 896 404 906 126 736 893 330 371 597 209 918 916 202 515
956 955 956 48 428 736 381 678 454 336 406 598 445 661 558 319 916 793 772 444 271 459 925 808 566 832 646 845 389 337 863 303 604 104 856 860 255 241 394 232 289 940 937 97 39 425 896 699 187 466 282 976 440 37 700 322 695 667 972 158 683 679 812 359 909 49 537 815 958 32 288 402 369 74 74 26 356 782 460 248
567 216 456 994 0 681 873 237 634 753 313 991 611 240 290 887 10 418 397 256 699 636 726 18 886 48 678 232 39 360 731 313 75 262 922 346 715 71 651 955 636 495 855 633 724 124 389 477 576 96 58 917 968 346 864 504 231 942 328 859 989 305 861 460 572 275 727 302 372 934 475 921 954 112 743 716 228 553 323 665
313 174 455 747 198 439 73 787 624 801 546 4 494 963 312 278 352 189 712 50 435 749 508 617 735 354 879 7 287 471 686 17 216 302 61 946 789 977 683 328 656 488 519 270 111 199 753 194 5 505 661 376 553 686 353 654 693 31 987 513 523 558 612 59 94 456 901 222 211 671 820 42 25 568 400 568 960 250 448 425
683 916 364 769 604 643 188 597 706 833 284 406 529 823 477 119 268 477 744 138 172 215 973 21 594 735 474 699 918 169 817 19 226 625 854 468 547 427 623 139 648 263 933 300 435 547 169 65 304 26 457 377 139 407 450 843 102 480 257 454 959 533 168 677 205 593 477 130 825 701 434 130 355 213 873 765 659 918 557 560
642 685 217 464 357 534 804 981 762 42 49 210 905 726 997 298 803 706 693 116 472 996 30 739 366 323 692 614 748 217 668 871 747 264 470 389 12 245 295 905 465 532 816 87 654 377 327 418 447 837 158 368 547 140 579 476 310 925 475 647 100 431 709 115 999 965 925 366 800 669 218 791 433 57 39 18 225 746 813 549
73 80 27 44 20 656 756 203 237 463 867 651 473 179 439 426 863 835 304 588 908 247 822 383 375 983 634 289 180 593 152 885 800 296 791 649 998 26 304 90 330 616 440 569 410 42 126 68 870 944 54 570 341 800 477 318 993 971 168 93 584 308 951 5 907 478 894 612 747 814 791 512 476 543 706 193 500 435 375 319
519 746 59 350 392 706 995 994 404 892 139 91 861 746 78 766 402 131 335 136 636 226 984 140 465 352 542 415 430 800 84 726 929 531 66 166 136 736 32 564 631 81 358 993 998 845 676 728 429 873 387 196 378 24 737 644 990 379 269 271 300 668 870 251 609 679 764 652 892 563 95 775 645 713 660 860 592 903 127 481
984 239 295 432 254 751 522 385 319 279 477 162 241 242 964 771 689 939 814 456 574 708 294 443 323 35 910 902 622 27 679 826 987 239 119 112 302 655 83 582 982 460 461 802 968 710 435 863 184 302 468 392 694 506 250 19 597 701 362 330 709 124 140 220 310 157 517 101 150 768 364 728 827 914 526 350 845 475 206 488
451 948 59 308 507 127 705 443 34 648 124 512 416 987 932 595 649 904 434 588 701 236 890 664 567 622 638 286 897 719 736 838 731 511 340 869 87 702 276 891 983 541 797 753 848 554 87 536 560 764 934 740 445 678 128 76 313 688 328 473 589 496 134 669 492 880 292 311 334 582 327 51 509 556 892 627 989 992 349 202
590 761 995 476 569 951 579 386 910 312 127 646 934 203 457 390 305 323 78 281 902 212 37 899 815 923 436 367 565 821 214 590 339 571 705 326 235 477 507 606 42 113 993 972 280 13 489 737 331 515 513 779 93 27 140 877 133 351 115 829 776 294 128 260 622 832 872 573 617 281 902 336 15 190 909 42 122 347 198 806
959 354 356 38 625 398 797 509 240 394 716 711 826 36 799 951 54 180 660 792 383 257 539 294 699 204 336 25 970 132 812 110 840 75 739 782 417 548 331 794 195 444 174 319 544 838 875 443 487 832 555 604 818 30 307 663 2 292 366 893 496 330 339 277 148 802 594 134 612 919 4 264 21 587 846 55 807 752 362 998
243 273 381 979 904 805 929 162 968 118 740 520 283 381 718 403 906 386 728 977 136 790 939 898 218 195 556 567 108 320 957 309 480 721 382 434 944 242 139 568 705 408 586 751 351 180 478 131 697 836 980 539 213 277 65 140 925 780 758 645 899 450 543 487 370 389 646 662 418 860 98 868 554 921 533 719 852 440 889 759
895 461 10 772 53 309 10 948 253 652 732 33 872 436 656 769 243 945 305 749 388 226 905 111 89 643 551 232 413 132 585 734 267 502 222 735 968 858 161 801 506 389 489 941 20 838 380 163 682 936 410 395 405 473 200 776 794 635 279 528 933 642 343 164 726 875 262 666 903 651 558 683 798 648 535 697 129 789 577 938
124 212 432 981 173 838 108 188 624 609 205 66 380 743 597 349 330 495 610 613 723 226 57 408 375 727 323 704 613 435 501 254 839 727 896 754 526 608 33 10 955 48 671 811 703 198 293 764 491 421 79 876 671 430 286 530 862 249 646 188 818 936 483 772 804 56 543 583 371 716 784 321 489 812 532 317 971 157 559 107
204 306 351 720 679 387 625 334 805 530 100 624 541 720 17 179 817 61 92 463 272 427 26 807 210 309 158 17 731 673 677 839 185 959 305 834 865 579 757 77 614 81 312 439 579 478 248 146 914 602 585 509 125 453 280 54 315 264 182 422 308 785 515 949 679 805 73 272 975 67 346 634 246 934 767 956 853 777 764 449
596 498 927 89 268 529 25 681 729 705 578 351 212 588 267 728 120 803 569 731 92 690 833 677 785 115 270 215 246 742 196 756 83 849 272 921 874 436 500 707 595 934 140 569 234 126 908 165 242 487 209 287 578 230 806 143 602 353 369 491 262 642 711 837 198 616 131 956 537 596 628 331 498 539 734 221 816 340 721 538
400 619 727 84 386 844 575 947 919 535 116 54 876 216 751 360 740 326 539 237 618 594 987 301 237 623 661 191 593 210 791 782 450 876 857 392 179 308 759 259 346 213 905 907 145 577 639 927 269 291 127 55 470 499 218 622 138 532 67 567 876 42 293 739 404 523 804 983 729 530 613 454 424 779 33 172 279 197 139 545
42 247 985 603 915 316 711 474 215 466 301 790 349 242 642 908 491 319 4 311 296 119 456 846 868 742 22 136 633 850 496 274 316 691 379 675 823 489 570 207 809 358 342 107 189 212 665 876 746 683 520 976 969 69 898 679 893 739 901 438 634 846 489 298 264 746 815 353 532 961 447 517 438 51 193 608 480 508 605 493
785 72 526 306 941 34 231 422 728 893 24 217 764 122 398 864 328 995 282 226 980 31 457 335 855 712 648 324 981 743 890 321 941 820 371 261 618 52 405 346 409 823 165 250 547 183 40 686 721 570 975 206 173 454 839 112 180 79 267 487 164 637 705 808 887 237 967 873 12 510 621 267 14 362 753 269 4 523 31 798
173 413 158 73 503 997 38 270 363 875 301 376 127 672 518 610 462 382 406 468 480 249 135 556 853 645 213 449 797 758 305 574 877 776 245 412 552 551 36 213 820 91 52 658 834 191 410 746 283 609 352 306 939 702 993 412 44 432 361 344 291 119 130 881 935 647 406 921 525 5 176 528 952 97 680 790 920 47 282 339
919 997 891 233 194 959 464 305 449 124 351 696 752 836 588 679 418 549 423 949 4 110 794 319 682 565 170 281 984 309 224 717 915 611 534 339 987 125 520 560 314 496 848 619 21 294 297 568 912 150 823 324 629 84 938 683 817 347 551 395 385 128 330 320 972 680 923 312 126 825 851 714 419 999 573 938 524 910 448 599
425 639 491 299 341 509 913 682 13 702 136 348 63 218 827 707 291 414 111 847 272 556 76 491 305 442 103 280 808 846 227 175 580 339 928 320 819 92 827 277 708 50 471 43 511 711 704 379 373 369 788 702 789 753 21 802 924 477 697 501 505 759 647 541 164 849 636 704 338 863 318 636 464 5 792 855 628 593 884 947
238 854 449 911 827 769 678 812 853 532 623 747 221 107 865 123 83 282 746 214 740 669 298 218 53 249 787 509 585 44 266 688 212 159 281 185 293 229 485 327 518 173 253 906 75 804 130 32 485 514 558 985 659 405 143 42 613 154 54 912 382 888 992 571 392 656 70 386 21 832 770 343 622 148 723 706 983 892 374 686
328 538 156 759 318 726 11 840 259 262 468 618 417 147 797 151 325 321 535 908 854 950 166 63 723 497 188 724 873 374 218 710 641 294 723 421 291 425 770 818 229 383 474 214 732 392 872 443 236 713 991 158 86 281 826 461 355 248 836 292 8 923 676 668 824 742 232 134 899 776 380 205 437 163 445 935 483 274 279 21
672 562 875 132 514 589 873 829 120 154 68 469 917 948 427 318 367 295 310 723 223 762 977 910 74 617 60 699 854 297 919 221 978 751 608 325 176 714 254 304 211 182 484 899 871 630 415 274 731 182 75 325 736 572 561 62 575 195 330 269 72 737 349 751 301 607 113 23 349 723 882 663 493 467 535 611 275 886 224 788
770 282 967 958 473 923 354 250 698 122 330 862 367 100 825 111 290 258 8 262 193 209 876 674 892 787 360 131 495 657 181 6 299 351 657 712 798 494 53 259 582 816 9 698 372 996 117 244 13 497 575 434 200 907 912 499 663 544 695 391 959 885 558 957 423 413 781 339 300 185 818 404 507 222 246 713 21 716 932 264
746 262 632 149 626 845 156 842 863 858 853 766 682 634 96 238 471 58 878 6 866 341 543 218 354 902 278 762 876 127 919 366 965 285 534 858 67 959 340 534 267 462 480 83 264 326 172 321 885 122 311 583 326 636 695 155 869 547 354 610 251 102 921 783 613 202 79 200 800 51 362 373 231 260 791 172 535 518 275 787
306 361 759 485 787 949 872 160 41 609 989 670 459 559 17 994 1 184 604 592 258 878 470 446 930 907 642 180 354 7 708 870 637 907 306 254 671 426 648 162 915 29 806 19 601 344 255 492 301 685 625 507 784 746 843 913 957 907 468 276 630 645 431 863 967 350 14 441 50 761 931 760 651 434 179 65 471 103 946 19
847 32 266 860 152 389 269 785 313 803 782 840 715 384 934 759 87 358 605 675 851 734 291 35 455 917 115 959 790 679 653 547 973 32 167 659 133 723 443 268 151 675 533 797 192 473 454 627 52 624 112 930 638 671 617 173 649 369 56 552 309 260 567 380 676 13 650 771 270 980 78 953 267 394 268 434 869 535 502 428
907 337 191 603 43 940 774 902 338 9 26 366 61 677 492 582 498 863 232 815 535 314 253 317 406 286 492 552 958 794 621 679 380 134 243 293 743 559 31 325 686 872 362 248 141 602 366 763 733 385 658 302 908 109 774 55 29 661 745 834 824 272 74 459 574 162 941 773 418 585 154 346 122 915 72 581 114 594 873 452
366 194 389 394 968 459 501 307 677 244 618 146 613 863 942 178 838 391 191 478 703 471 278 12 963 588 635 705 877 76 168 661 461 486 258 273 925 570 70 759 940 710 801 690 743 26 483 421 693 96 522 642 529 93 412 55 674 904 95 638 108 562 608 222 883 132 449 360 491 347 771 156 413 469 447 872 357 484 78 331
455 654 232 101 207 958 326 925 37 708 486 200 836 716 7 755 30 207 658 430 281 821 639 464 469 676 468 118 380 51 890 665 120 693 910 455 370 227 847 859 866 556 147 197 945 751 950 675 868 275 653 913 742 598 706 180 7 211 199 499 244 425 658 555 294 226 889 696 348 644 577 913 538 712 486 917 522 750 86 362
851 900 232 648 602 516 923 557 922 85 622 96 204 818 225 649 4 29 280 428 357 52 563 136 329 368 328 882 33 702 303 402 845 467 982 6 66 610 806 546 462 508 392 163 596 38 737 490 562 452 421 44 170 862 194 103 599 354 839 909 441 828 411 154 0 314 37 904 440 200 136 590 309 874 567 525 721 224 990 520
253 527 965 640 109 509 410 408 74 101 299 378 696 144 791 382 922 134 125 163 799 838 261 213 763 826 846 129 860 999 763 558 307 437 4 198 749 805 956 603 340 597 479 450 472 328 491 302 449 146 69 889 553 836 771 325 729 711 864 218 704 97 336 644 975 771 73 495 543 254 85 523 337 222 139 81 903 751 536 370
133 503 831 231 313 576 968 560 185 791 895 384 401 783 511 559 109 935 851 295 344 505 871 33 273 557 690 141 827 649 956 803 726 594 771 210 87 584 66 533 924 78 714 487 357 865 422 234 28 58 348 114 277 434 987 921 563 819 134 756 887 857 999 650 86 682 128 577 319 158 412 804 845 48 219 80 55 42 391 790
349 642 295 642 72 908 44 182 823 147 952 825 819 828 111 296 81 718 610 729 286 771 71 78 757 131 983 683 302 522 869 865 800 642 624 657 673 148 639 820 804 66 77 876 32 349 318 516 902 223 166 698 875 156 707 335 588 602 617 442 575 99 22 468 994 495 187 615 768 431 52 909 469 417 16 591 388 765 793 447
412 588 842 713 326 184 193 923 272 545 856 672 6 577 660 490 490 752 799 302 590 793 928 517 813 571 668 284 114 965 74 968 490 829 88 750 528 478 223 645 570 252 444 908 424 727 144 913 365 820 824 92 923 807 675 393 754 507 88 284 897 929 144 553 390 978 781 81 349 805 251 253 522 474 363 916 858 48 795 98
757 406 723 544 308 661 758 442 397 864 636 699 416 386 897 556 759 70 631 903 871 585 238 906 595 914 908 569 691 165 536 80 331 710 823 123 600 110 414 758 727 629 55 466 427 470 96 781 352 557 709 576 560 913 431 961 231 767 783 643 830 716 97 11 384 470 571 677 470 723 2 319 892 968 826 5 142 666 879 865
881 207 904 557 323 611 999 954 666 477 626 604 778 612 41 986 145 868 103 344 577 308 463 537 380 279 667 360 151 867 733 458 535 416 935 612 498 515 572 67 487 391 348 812 429 282 898 111 289 673 643 188 649 538 840 175 801 887 529 199 105 187 636 239 919 722 757 630 308 773 915 593 110 750 438 388 271 970 827 719
495 100 671 405 611 363 829 941 689 950 995 324 634 18 683 305 986 785 261 12 610 682 964 719 715 196 335 239 266 919 779 324 960 971 3 234 62 357 274 715 461 157 874 783 972 685 205 371 267 959 650 499 652 374 725 409 307 272 872 97 834 94 763 769 8 823 773 762 962 53 760 388 773 130 806 42 442 853 529 28
827 363 139 868 671 426 741 8 152 963 556 702 398 261 568 911 953 671 200 320 455 426 722 452 441 209 671 451 431 805 105 948 744 713 238 149 877 741 384 135 33 764 733 621 434 201 382 239 618 758 457 49 583 562 57 469 944 864 345 368 857 105 924 619 38 104 873 331 447 638 436 207 232 899 415 781 798 139 112 661
113 382 236 494 759 116 727 630 493 287 909 197 13 519 706 715 662 396 964 747 301 689 668 370 163 220 236 282 598 391 206 653 536 58 888 245 206 501 148 929 958 783 618 105 665 996 111 979 495 725 651 982 641 732 708 87 181 533 712 55 108 264 397 131 945 189 844 539 726 587 828 782 416 7 274 295 973 221 3 378
586 144 180 270 58 435 744 998 490 625 113 179 801 919 714 604 550 11 752 318 561 638 475 131 502 999 596 541 320 395 920 651 95 979 775 440 352 910 420 679 754 321 21 118 553 186 574 674 640 155 843 423 674 555 51 709 48 491 172 212 247 339 517 930 251 225 125 478 370 107 613 798 854 245 505 745 563 962 879 178
959 326 420 781 800 250 9 705 26 306 906 601 820 100 172 712 156 315 74 398 457 244 792 516 307 422 760 398 702 479 198 574 900 937 361 540 556 475 425 258 256 712 793 832 648 297 579 523 116 632 429 0 335 793 964 165 465 375 226 155 998 415 174 417 802 873 518 420 679 116 332 840 220 803 694 800 790 613 694 479
905 263 737 103 739 44 345 335 649 699 228 301 142 415 510 142 502 515 706 557 773 114 975 695 551 129 141 70 527 20 789 572 582 249 223 791 489 69 339 813 107 579 884 228 962 472 284 778 454 680 759 13 4 78 174 356 301 705 372 999 281 523 987 11 583 673 487 361 326 422 971 282 251 552 158 280 920 690 537 132
199 703 937 995 855 141 834 941 74 33 854 593 168 636 971 13 420 464 127 599 560 415 152 696 820 792 793 535 614 542 978 280 672 519 616 307 784 959 232 687 304 596 253 988 284 73 272 803 259 969 573 867 571 712 161 125 724 663 656 200 860 96 514 525 30 223 89 827 656 255 704 120 705 976 81 437 339 727 770 635
181 181 699 57 971 282 80 268 301 390 617 295 845 885 775 109 561 669 416 778 90 211 141 829 367 730 15 758 336 388 1 547 72 432 124 256 977 840 262 954 667 209 587 590 682 431 8 477 27 125 38 145 59 671 408 820 99 834 664 602 961 483 384 507 888 458 570 661 945 363 225 795 367 86 533 534 715 47 927 706
739 452 512 724 353 670 661 573 683 93 280 792 961 33 995 849 902 692 599 429 189 120 447 984 361 980 500 334 654 132 99 193 330 102 651 508 539 662 80 692 547 158 5 899 939 788 771 69 273 93 971 530 927 484 345 907 245 868 955 696 393 971 908 498 992 262 714 193 386 219 274 194 759 613 828 325 219 530 874 696
480 684 505 288 194 884 848 271 702 545 486 811 702 130 612 546 14 537 860 456 429 989 121 327 231 289 963 226 810 242 851 357 956 89 269 778 581 738 690 400 242 145 491 950 296 151 954 314 95 596 888 133 250 777 404 503 816 753 494 134 208 223 100 896 982 463 896 312 791 676 25 111 6 490 945 149 527 15 44 210
377 815 503 226 179 102 59 168 405 207 346 571 671 427 425 907 543 826 821 218 144 914 99 210 428 858 345 276 591 652 637 998 626 558 4 340 790 554 385 617 725 945 950 792 948 571 914 313 611 620 879 754 693 660 389 638 832 728 644 270 98 165 880 154 376 18 388 691 372 595 545 41 521 307 76 727 927 481 759 293
746 142 430 751 831 596 245 485 758 423 464 863 702 665 580 970 419 452 540 404 640 848 310 989 250 204 951 414 558 398 391 660 994 287 116 97 213 146 971 819 992 520 974 922 239 488 414 717 748 810 978 871 297 792 762 849 922 771 890 185 462 623 452 41 543 499 812 40 792 325 259 266 506 44 222 877 354 163 620 666
856 345 891 201 472 490 158 889 631 179 497 293 374 948 411 63 192 312 572 885 182 598 605 644 56 500 406 646 485 648 826 172 477 274 232 220 398 781 322 461 140 787 838 822 981 512 119 804 379 404 137 536 410 814 418 463 342 736 954 324 983 745 108 702 123 252 258 727 644 830 18 277 743 331 816 284 420 510 204 821
488 241 834 48 122 18 814 128 542 174 615 202 253 575 813 43 237 490 320 66 713 765 189 936 514 844 461 122 662 898 131 79 16 184 852 196 45 27 746 217 456 15 523 401 949 649 361 687 139 669 663 159 115 488 62 963 796 662 257 862 378 742 673 13 6 84 408 554 406 644 887 507 564 829 973 660 493 78 515 292
501 273 562 10 719 172 379 855 351 238 708 93 951 830 247 276 651 416 303 456 676 97 27 54 128 322 166 951 785 50 633 549 310 793 245 151 241 616 660 502 456 496 109 573 186 453 138 747 383 315 148 563 574 556 426 459 234 152 243 804 382 564 141 269 569 712 609 585 777 337 908 202 224 913 249 931 513 779 396 924
868 435 639 195 740 540 771 999 79 324 600 700 923 928 105 903 851 548 660 271 305 45 236 171 561 564 206 613 32 144 347 617 66 968 906 230 156 79 485 581 721 941 671 834 851 761 394 157 190 608 724 245 255 912 749 511 778 915 181 80 456 589 976 622 779 292 857 401 42 431 212 862 225 223 722 190 817 278 373 467
407 795 240 899 217 290 739 180 980 271 753 406 822 612 435 823 13 761 144 178 550 999 279 844 751 480 184 722 129 553 739 446 981 289 489 921 585 598 640 614 809 243 165 47 395 125 216 667 983 317 382 903 885 600 972 321 233 994 208 255 594 612 604 584 243 935 397 579 514 385 759 884 79 976 271 158 503 302 290 285
596 821 373 788 429 739 111 46 556 841 420 988 603 978 645 498 193 821 686 859 187 70 138 670 400 13 201 205 602 5 175 322 972 545 238 833 64 773 433 186 849 159 555 791 7 38 959 522 452 919 679 45 245 24 367 535 0 283 281 272 330 338 50 199 126 852 942 806 96 297 418 479 187 684 395 123 261 97 564 618
361 616 429 841 950 5 843 731 990 385 961 252 748 269 450 980 62 620 315 527 256 611 354 949 312 909 869 764 396 198 239 370 195 982 501 929 972 311 302 916 858 364 432 156 480 830 277 307 472 797 416 604 115 48 235 379 106 285 526 225 924 445 702 787 562 723 510 663 10 483 2 546 102 417 863 391 345 698 490 335
416 118 439 29 754 573 264 266 7 820 709 318 546 801 435 993 360 914 605 906 395 505 123 313 760 869 129 666 426 22 903 281 331 552 889 351 586 92 594 150 271 116 273 111 594 677 171 121 637 317 738 475 606 209 743 338 266 16 496 128 343 120 232 995 666 580 745 59 478 12 643 42 199 192 477 646 610 692 362 869
798 464 631 203 834 103 864 90 823 90 328 369 141 464 805 834 819 434 636 146 916 399 161 238 240 499 832 491 644 138 538 670 163 251 25 0 708 551 277 860 835 332 473 494 874 310 755 345 935 155 551 213 49 984 668 969 117 997 836 626 603 334 617 366 648 562 860 591 125 346 931 26 432 548 232 34 695 819 870 82
304 371 178 501 46 555 865 935 515 348 966 741 269 290 734 234 768 57 16 722 378 485 759 744 896 703 551 437 267 362 521 915 338 11 403 887 242 567 140 344 9 481 439 628 568 475 828 883 725 282 491 747 957 926 310 539 371 706 589 982 326 947 580 204 590 255 220 622 990 604 250 462 644 282 963 740 420 955 388 902
961 435 442 654 776 825 717 362 470 813 568 122 629 564 725 372 987 538 540 952 335 886 274 501 61 68 165 547 579 886 839 342 37 390 943 224 37 895 568 3 825 486 650 726 510 572 918 801 853 594 67 900 190 421 963 512 23 670 625 999 809 822 554 642 202 241 112 544 692 128 601 624 496 216 229 567 403 835 665 424
91 465 654 944 475 683 665 163 881 223 553 185 795 373 949 777 334 529 386 584 641 304 12 225 974 907 764 436 397 600 132 788 854 231 230 475 772 793 366 550 229 923 862 299 480 824 793 551 438 782 540 910 809 369 784 119 320 51 635 488 439 887 209 335 776 141 619 717 807 649 560 486 33 30 604 659 67 0 999 306
72 680 580 939 597 542 638 233 57 374 772 484 119 519 56 128 395 350 795 230 30 311 328 178 365 624 981 712 288 75 583 799 65 168 163 965 399 524 873 651 86 764 955 912 376 635 70 319 269 547 444 45 314 533 886 569 754 100 463 763 137 357 476 463 151 504 173 53 189 401 408 553 289 986 879 126 377 802 952 560
144 333 707 870 768 605 268 772 670 26 485 340 636 267 865 598 161 7 55 181 902 882 55 705 466 576 407 626 347 344 17 578 340 86 806 183 431 396 601 740 988 847 582 99 753 72 690 811 377 346 880 492 632 444 139 136 96 667 109 934 384 640 875 797 860 200 437 808 787 692 454 127 434 359 69 702 730 887 660 297
525 222 775 300 144 421 332 575 540 104 803 807 997 878 166 596 205 642 664 613 157 937 188 679 368 170 574 541 867 655 630 188 147 619 42 100 245 897 175 197 536 891 927 82 193 663 677 270 829 619 746 632 650 603 80 180 112 46 502 862 523 242 347 73 554 147 819 396 952 9 400 74 725 28 805 637 912 590 5 776
