665 435 284 116 542 120 294 248 679 933 305 476 492 927 666 246 55 186 68 38 594 868 607 247 95 998 940 363 602 748 741 163 162 455 639 311 606 934 659 441 78 612 910 656 656 76 821 255 493 90 482 397 88 244 543 697 140 155 526 177 480 149 671 870 719 652 589 576 442 868 960 89 531 471 842 627 776 971 140 822
858 74 658 321 518 386 907 552 242 522 803 330 75 791 683 437 880 973 157 695 91 331 458 374 965 672 217 200 805 799 19 495 944 227 7 175 648 358 99 58 673 431 977 147 834 576 830 225 895 538 933 679 976 340 565 586 579 635 566 704 68 70 640 885 626 822 769 50 696 518 727 176 20 493 872 352 777 341 689 674
250 127 685 535 996 334 298 7 218 234 938 706 571 996 363 685 424 729 253 350 90 151 660 208 836 988 987 467 57 151 912 677 15 27 116 39 489 726 715 898 129 991 897 12 948 459 76 121 134 632 106 485 234 433 323 4 379 480 966 857 392 507 644 924 148 388 916 268 376 972 49 6 623 835 299 926 535 430 206 625
583 668 794 581 438 61 63 56 674 896 446 448 178 852 295 467 496 463 347 836 697 918 253 410 865 202 416 156 428 826 302 120 265 194 199 126 749 94 204 665 277 385 297 819 453 940 487 62 267 880 62 248 523 811 153 520 412 180 556 869 309 538 398 460 79 562 241 838 260 667 891 135 43 361 792 293 461 916 183 255
475 571 292 899 785 861 650 564 776 544 107 984 939 43 884 956 802 789 556 853 160 756 705 984 310 542 199 921 577 309 111 285 988 434 339 977 253 487 950 989 629 773 982 73 953 568 114 504 413 414 125 844 908 960 251 598 476 507 918 142 337 935 306 344 208 466 511 576 335 616 767 919 459 470 118 665 304 481 604 196
20 751 93 6 338 572 153 204 564 993 74 489 844 106 495 612 826 385 123 201 280 147 765 966 707 55 403 909 601 377 678 60 411 945 983 620 973 941 30 123 477 228 341 270 634 807 63 868 759 823 487 877 440 138 499 664 155 545 31 605 681 456 180 127 59 732 488 34 492 517 123 434 675 46 553 232 194 873 228 751
226 378 930 630 448 261 905 58 250 437 765 231 141 505 2 589 436 66 875 588 317 900 182 879 549 727 296 796 918 685 65 389 386 369 298 980 47 426 838 702 585 884 24 792 162 853 221 808 997 648 887 552 39 275 949 630 797 148 827 901 157 505 204 382 954 984 158 960 676 804 453 353 244 297 824 64 365 902 775 151
71 891 450 600 946 193 828 151 582 501 574 548 853 900 617 539 301 710 458 179 308 982 974 308 477 883 15 270 124 124 166 943 457 230 95 98 354 501 964 81 404 178 528 55 618 313 919 891 927 596 541 668 307 728 621 382 160 172 611 649 333 112 738 907 99 419 564 161 280 927 697 93 81 555 515 403 534 478 265 443
432 963 356 823 193 119 518 419 935 522 545 557 65 344 746 92 965 537 56 706 511 585 458 908 88 566 406 538 808 462 457 584 51 392 266 415 501 741 793 403 966 381 758 13 356 792 450 469 1 82 244 207 73 698 388 437 102 851 950 25 21 29 690 540 645 830 65 24 638 393 345 399 413 59 411 157 678 995 379 399
490 76 461 243 638 165 64 798 252 745 659 983 477 896 70 100 39 760 177 419 993 549 773 855 829 635 110 895 969 672 3 107 831 51 249 332 844 627 501 831 412 918 469 148 445 323 78 44 792 402 521 584 311 548 133 627 738 469 875 957 600 907 201 369 943 621 491 29 719 309 129 956 285 769 273 497 384 924 201 642
132 195 885 18 553 374 943 890 688 953 739 19 628 54 724 847 930 947 769 750 550 936 756 458 74 441 34 28 971 5 924 558 278 392 203 262 23 68 954 762 351 618 697 541 496 318 80 467 983 951 871 35 171 548 45 783 513 484 449 228 43 936 865 953 56 73 386 976 761 998 182 575 585 870 61 388 781 258 445 206
838 952 537 248 42 740 999 250 464 22 567 476 308 244 522 765 461 131 710 435 64 909 624 914 378 877 625 597 518 937 333 979 511 482 582 266 73 227 503 91 189 320 718 854 243 535 974 316 894 39 535 719 747 780 129 346 793 901 972 80 594 154 250 306 1 630 175 570 904 896 418 679 25 113 475 655 343 266 760 502
803 143 784 11 257 397 381 879 789 293 35 975 524 89 246 347 507 574 46 510 845 612 185 205 204 324 63 709 103 876 801 425 549 474 210 495 728 334 189 72 549 46 451 924 764 418 684 688 944 880 749 809 111 673 63 211 90 34 496 636 999 628 827 273 297 212 466 977 999 355 956 423 505 922 113 532 87 791 524 266
97 272 336 846 78 717 541 139 148 166 597 430 507 936 82 241 621 112 624 417 8 412 498 288 998 389 473 723 112 22 898 888 804 441 870 717 89 517 470 625 939 826 615 185 163 219 811 890 917 964 255 353 402 204 169 296 837 292 720 72 627 835 993 237 318 833 627 445 25 495 687 782 74 323 697 47 269 180 947 558
23 612 494 232 700 872 89 936 594 20 45 621 467 811 457 452 14 904 824 104 218 309 332 816 41 694 60 21 885 439 197 617 329 738 318 916 388 552 164 98 53 938 567 585 709 750 465 644 768 199 124 732 659 216 2 142 388 972 907 443 156 697 973 78 403 589 497 197 918 421 914 958 392 13 735 244 288 891 290 726
494 804 278 951 986 21 394 973 251 945 352 851 568 379 945 768 299 459 899 477 556 584 706 810 25 665 483 994 109 488 692 500 953 40 177 807 231 75 514 397 150 943 994 789 477 52 142 426 20 99 492 204 223 421 678 845 157 732 976 570 530 761 802 126 295 52 746 31 598 863 425 58 117 219 864 221 37 612 531 498
993 798 398 246 350 29 61 845 959 832 671 272 189 126 295 851 896 706 816 510 85 473 764 259 638 417 756 613 27 619 827 457 945 802 846 367 97 77 898 425 497 727 18 136 554 384 894 844 138 586 920 215 59 67 245 479 737 487 992 816 946 259 602 49 130 338 44 258 710 911 909 496 812 760 142 909 447 435 512 107
405 625 486 854 491 46 213 726 252 520 832 939 500 644 258 404 773 99 281 107 527 59 923 826 467 733 351 184 756 636 930 103 215 895 574 633 722 864 741 562 798 292 553 620 482 951 250 772 468 745 359 847 993 980 252 145 594 568 907 601 439 39 110 527 39 3 194 721 305 377 587 769 140 828 143 652 205 858 818 177
520 740 786 432 254 72 332 644 684 306 390 597 936 281 793 425 258 176 260 14 446 859 94 866 485 379 533 647 361 660 689 790 981 303 777 445 828 576 751 700 880 828 695 574 925 74 823 476 155 448 202 548 513 123 457 446 608 905 264 20 735 469 558 885 705 99 988 408 765 386 4 933 584 540 58 808 992 227 772 212
64 329 375 813 380 429 750 702 315 779 883 371 681 474 115 332 522 166 491 778 286 24 458 66 669 856 550 998 425 107 531 558 48 273 19 38 555 152 414 673 874 256 96 261 473 394 369 445 536 38 105 89 66 646 825 438 109 678 671 64 930 163 50 712 803 216 843 624 639 395 535 698 495 551 194 977 927 975 968 638
484 576 37 320 936 738 77 540 272 521 370 17 239 185 862 41 623 905 648 501 871 859 328 374 503 373 134 11 133 573 922 443 452 231 706 477 173 909 806 78 310 203 33 306 88 499 557 423 245 571 496 525 256 251 719 473 63 859 132 702 495 103 115 808 201 929 726 594 474 986 773 287 332 834 834 324 787 68 407 779
529 744 644 798 76 276 178 625 522 642 353 778 739 460 326 353 780 298 285 228 84 981 532 415 246 65 530 272 62 352 311 974 82 613 762 50 420 972 776 75 934 395 412 122 805 534 824 520 334 486 7 179 615 636 18 551 792 827 697 416 367 133 223 152 80 357 892 314 421 30 210 107 778 624 695 730 221 238 540 83
174 421 417 74 243 198 699 827 867 987 403 137 211 880 439 644 974 745 299 53 314 17 770 198 660 275 259 447 418 445 303 471 965 959 18 483 675 45 576 431 820 56 182 552 509 858 663 992 610 84 442 446 814 136 135 125 70 735 852 432 466 790 115 666 438 675 324 510 196 265 683 700 818 557 71 344 307 53 498 828
54 854 92 357 276 772 890 886 307 358 162 836 713 874 375 367 266 401 887 474 600 930 158 344 481 588 874 973 531 801 407 436 736 55 481 928 20 978 734 93 421 917 522 882 404 227 534 55 197 926 727 999 967 345 678 368 584 382 476 541 22 651 986 325 474 46 895 462 525 563 991 590 603 202 689 665 70 86 224 576
756 183 710 141 833 686 5 732 624 51 467 661 11 188 168 855 939 103 850 138 375 155 169 551 601 70 776 147 121 685 476 824 563 505 451 610 683 691 959 960 585 69 184 510 244 860 972 917 754 441 847 547 745 900 675 214 666 707 669 943 299 698 267 802 710 804 476 355 165 464 538 732 290 646 365 610 0 711 241 708
612 126 978 428 437 746 228 104 660 655 673 189 183 32 434 904 870 335 141 550 939 582 754 675 167 384 343 584 878 772 824 820 280 582 606 507 389 848 771 18 630 636 48 580 433 793 206 535 827 958 693 372 463 288 333 345 183 593 944 300 880 901 250 623 400 501 986 979 606 92 931 96 414 467 369 73 7 555 351 939
1 877 842 81 795 628 497 15 252 300 125 17 450 978 893 438 497 296 152 825 632 550 234 620 316 138 106 141 81 895 813 22 238 721 413 379 918 790 697 662 639 102 288 211 457 979 177 62 327 569 709 217 443 89 982 762 0 803 889 936 835 655 930 343 37 560 196 345 900 126 603 16 447 923 402 326 929 186 394 155
159 92 10 82 445 892 774 58 664 4 743 885 197 364 863 198 13 828 205 146 218 395 253 116 940 435 530 913 299 540 646 140 911 159 239 104 623 853 251 497 809 703 23 923 612 487 324 811 53 598 257 868 470 152 317 750 936 468 312 739 706 726 354 627 113 712 312 368 449 630 454 407 190 802 447 20 894 527 990 399
585 546 594 310 395 637 633 780 86 966 499 733 237 585 746 666 94 691 29 489 473 211 337 16 609 717 752 964 823 385 473 608 762 707 846 957 75 908 154 426 669 220 490 81 338 655 262 942 953 721 357 658 373 852 410 725 945 533 235 709 496 652 220 145 967 216 761 272 605 491 992 302 741 66 567 632 146 155 440 295
940 368 716 83 820 236 236 938 38 31 377 716 888 26 256 202 98 486 418 471 63 142 880 377 215 922 161 905 221 894 243 686 687 573 847 378 531 17 223 483 995 4 830 693 234 238 538 402 252 0 510 764 392 547 837 541 329 214 537 916 546 174 226 301 215 584 403 502 165 716 98 994 666 669 63 916 650 985 852 989
65 66 302 233 97 614 71 190 909 707 683 190 88 243 40 472 665 533 624 166 344 399 385 63 840 418 949 282 900 422 135 622 372 951 402 736 805 228 918 528 371 10 342 684 461 742 800 914 499 156 687 168 553 682 332 895 891 785 56 655 448 342 29 31 242 941 243 158 173 283 156 893 910 56 271 441 191 247 635 733
176 729 559 938 45 816 711 373 696 752 9 367 548 726 717 859 386 99 295 607 652 39 807 778 418 100 93 852 955 469 272 788 46 484 333 113 468 816 128 724 73 786 493 769 18 594 692 536 135 391 406 552 466 73 59 706 534 634 931 731 809 669 816 664 523 449 48 33 547 724 168 922 35 195 832 633 946 678 518 500
212 581 695 822 897 566 310 213 874 562 226 940 493 277 322 767 128 668 624 549 529 666 81 604 462 242 738 724 660 252 563 404 95 505 5 492 365 272 751 328 370 631 718 837 237 748 68 668 738 260 394 696 863 275 584 471 726 854 882 738 105 995 241 919 949 967 929 800 978 807 785 131 802 410 957 679 476 899 917 278
7 35 38 987 64 895 10 166 311 707 273 124 939 83 109 705 309 438 767 212 9 75 174 163 205 821 762 719 54 938 680 573 729 710 88 360 573 338 244 1 477 973 163 831 404 210 754 291 457 735 505 542 218 961 0 144 742 920 689 220 995 39 873 933 116 202 359 165 57 53 712 493 618 491 908 601 868 508 900 706
448 290 508 792 39 241 821 988 683 977 41 716 761 629 371 722 166 188 859 97 539 782 979 213 178 230 836 694 592 55 507 69 136 889 526 133 13 464 313 982 312 549 850 791 363 928 112 477 196 713 318 174 610 445 131 96 900 955 427 304 370 567 141 503 993 124 385 932 911 747 937 362 171 770 461 581 34 687 554 216
958 40 539 539 760 489 559 94 225 120 647 663 889 778 219 896 251 740 800 668 218 2 330 770 792 891 896 727 128 940 249 390 627 226 571 663 936 34 761 805 391 607 445 791 935 590 996 291 574 495 794 3 678 938 997 331 260 839 235 235 844 239 395 640 360 253 908 770 895 491 70 856 404 398 932 816 643 692 521 553
339 715 977 980 388 892 399 782 510 984 482 429 906 883 639 89 461 919 782 470 195 909 280 793 665 789 599 77 814 964 151 932 453 527 300 836 802 347 426 555 101 850 945 467 707 515 904 253 169 593 354 860 977 978 312 560 771 490 160 897 74 615 503 51 955 739 855 970 655 423 875 298 772 815 535 796 352 926 388 281
803 765 103 433 980 839 175 27 744 667 383 369 253 546 276 319 441 403 113 284 194 528 618 768 219 169 613 574 88 25 432 444 222 349 403 357 803 393 478 354 905 300 695 890 879 55 44 499 79 879 735 588 793 481 366 295 283 707 299 781 160 539 988 906 499 709 153 817 885 274 163 310 616 778 580 786 221 989 708 875
264 485 194 575 43 361 614 665 249 161 44 14 557 660 444 144 787 755 874 931 317 518 842 944 280 115 90 255 426 592 509 536 591 937 194 771 484 523 230 798 680 170 289 952 23 66 308 925 363 747 457 772 391 868 407 905 204 459 436 575 894 865 834 624 240 121 612 491 321 908 672 783 162 358 924 737 446 687 276 545
785 703 24 804 490 469 756 656 902 288 120 241 580 216 1 260 333 317 613 815 482 745 145 56 709 928 454 904 822 275 394 359 190 580 622 400 846 293 812 382 63 686 703 79 996 51 419 336 111 620 141 873 72 408 575 230 985 81 695 108 558 242 45 229 653 460 505 901 355 403 952 773 91 724 178 57 793 252 211 951
336 734 328 436 50 576 116 600 889 867 388 559 494 957 276 572 608 699 983 47 826 528 531 144 638 11 199 486 675 389 103 575 24 665 581 808 468 585 302 47 605 541 213 247 226 380 670 373 766 35 654 866 846 222 794 996 645 207 767 742 550 489 612 339 347 176 440 171 515 460 496 435 555 634 7 964 488 346 234 688
567 694 662 160 587 567 968 128 268 314 755 49 112 377 372 266 209 617 15 543 996 599 390 319 756 658 284 812 174 739 859 177 714 148 316 658 905 853 55 549 377 500 252 754 597 536 362 771 122 324 890 237 203 278 197 488 330 315 696 528 782 597 581 59 367 89 973 316 585 489 627 422 356 861 913 921 660 957 376 520
264 999 107 854 482 863 207 583 826 442 266 815 161 94 24 611 116 437 562 65 133 779 525 560 948 772 794 903 189 239 42 159 779 113 8 468 694 112 933 488 989 544 266 576 722 934 78 742 713 649 919 800 949 355 660 299 849 596 119 5 131 204 563 511 829 281 354 172 511 387 784 772 868 0 77 74 485 878 459 624
408 398 232 770 23 761 397 378 412 397 360 205 678 560 218 362 958 301 538 456 945 434 184 243 169 912 352 583 986 351 400 59 953 779 242 62 748 563 18 321 268 556 600 760 689 338 872 33 768 43 411 460 107 839 256 527 141 932 127 307 806 496 949 891 163 425 847 167 653 137 783 17 686 915 596 518 394 344 924 789
99 70 223 4 892 817 298 941 883 684 577 705 294 629 73 870 191 560 845 599 249 970 226 478 392 464 129 358 23 558 304 360 599 208 535 272 271 534 332 413 53 691 902 86 651 653 209 801 343 215 986 481 367 489 577 430 441 205 789 123 912 545 212 856 250 871 267 25 225 955 829 84 80 276 249 998 52 397 702 311
683 831 700 297 625 678 126 454 69 944 664 773 489 322 799 739 238 138 100 643 706 842 726 12 190 306 889 806 561 857 65 358 991 391 805 1 354 611 431 971 152 233 34 174 905 334 511 880 113 538 202 724 621 697 329 416 859 45 419 780 950 517 819 413 582 197 739 374 319 601 293 552 650 412 316 276 415 406 403 469
278 80 601 119 338 915 484 677 687 410 134 279 110 997 300 939 426 21 246 556 800 454 970 206 71 336 903 635 486 71 12 454 317 293 238 464 29 958 418 837 84 592 235 830 666 82 688 912 184 125 372 847 518 407 282 922 962 690 540 408 959 660 562 79 604 595 550 209 576 745 520 634 494 63 595 42 871 857 110 664
782 461 298 457 629 394 517 168 313 699 871 997 324 433 762 411 844 893 573 597 114 71 902 370 766 178 311 194 775 943 729 347 539 441 303 603 415 179 352 280 49 988 816 983 759 508 212 638 882 303 707 988 858 133 126 788 561 356 50 307 693 426 578 452 114 682 67 22 551 298 109 910 717 317 767 128 451 627 881 799
411 35 242 753 196 757 963 743 434 485 679 580 433 889 97 191 38 253 870 677 224 979 574 479 250 104 809 426 186 926 537 366 663 927 915 216 714 23 585 97 614 658 203 860 665 906 279 959 77 290 588 775 433 268 404 729 825 279 609 489 668 279 69 623 882 24 868 393 685 990 441 856 789 930 834 569 140 864 257 983
51 220 978 782 565 332 934 546 10 905 513 421 497 742 256 105 159 29 571 107 231 451 679 424 291 1 976 259 979 463 582 521 14 242 646 269 122 956 36 938 473 451 170 86 593 909 663 633 618 661 392 121 822 113 927 604 43 437 108 283 176 862 743 364 940 814 76 615 890 906 731 505 426 538 180 348 306 269 256 363
142 255 654 129 56 46 455 521 948 863 64 143 601 273 744 112 833 756 589 701 286 913 274 914 113 708 26 920 854 896 817 896 283 537 726 150 11 116 30 985 781 26 828 896 612 313 134 392 980 559 9 808 326 444 543 521 808 312 928 272 590 981 424 570 540 854 365 411 404 655 948 776 187 935 189 729 651 117 278 46
871 388 213 6 410 323 334 982 445 808 751 222 731 212 392 991 573 461 609 691 636 708 546 496 766 82 282 689 368 380 678 355 376 57 974 887 962 348 992 104 378 489 311 928 768 379 191 997 298 512 949 889 792 452 634 669 560 32 365 198 188 97 576 767 692 936 80 939 178 844 994 729 378 917 409 840 234 542 405 846
650 669 495 377 847 887 605 574 811 911 633 670 577 638 486 909 757 171 129 598 892 348 29 141 901 414 657 196 205 341 759 132 222 593 388 336 399 658 620 198 755 201 924 548 116 63 309 171 783 334 874 573 660 325 246 494 92 19 45 909 578 736 365 622 161 117 866 899 530 656 54 374 574 276 451 708 39 644 388 853
81 580 478 544 762 50 980 692 876 606 992 574 49 220 781 834 631 251 195 358 779 830 726 433 694 257 332 861 331 221 111 96 9 632 272 734 63 953 970 197 59 393 751 217 196 401 35 967 194 989 117 387 326 837 444 596 973 137 918 744 860 650 588 674 761 685 147 450 496 481 433 424 236 685 789 345 302 878 791 122
103 437 52 835 272 928 35 519 583 472 173 190 940 697 805 905 17 40 678 71 160 768 664 698 800 631 651 772 28 5 257 780 882 814 424 23 782 162 599 92 471 255 204 670 880 779 224 781 987 660 817 248 345 236 411 0 119 334 809 590 227 112 5 237 470 910 902 530 189 452 582 420 304 778 571 386 261 901 59 793
687 722 509 822 51 269 49 639 49 154 351 95 484 401 766 884 594 343 647 28 345 32 842 64 892 104 37 519 877 403 748 615 512 354 708 620 445 542 497 600 79 283 161 859 805 621 937 158 765 747 970 907 18 538 650 444 299 915 917 322 623 507 589 176 824 253 998 826 724 776 793 877 560 917 805 483 104 663 225 746
348 417 233 233 61 978 99 536 384 143 219 190 807 458 652 565 72 214 58 967 233 734 320 102 573 504 604 207 200 856 803 22 671 767 768 490 888 845 562 784 536 578 377 330 635 337 494 183 414 889 453 698 457 842 120 957 167 249 743 511 738 314 43 331 262 686 804 586 221 513 253 8 747 664 917 499 139 667 6 597
191 794 423 216 525 563 756 741 504 646 287 131 418 188 367 795 503 369 745 284 212 304 663 947 247 930 89 566 716 24 39 678 74 46 933 997 607 509 127 29 621 488 768 517 351 78 698 195 778 493 640 135 90 660 392 385 948 156 547 616 250 890 896 625 528 81 400 475 552 551 453 490 148 222 979 571 558 598 89 134
194 293 113 722 260 702 717 44 588 611 788 946 434 288 135 567 489 677 638 635 181 142 85 944 124 844 449 643 997 171 843 87 843 487 942 350 431 32 343 515 613 292 741 906 703 72 888 125 203 826 42 541 986 548 675 974 346 171 300 323 946 847 122 757 449 144 570 785 776 797 413 148 450 872 52 159 220 736 503 393
7 898 980 400 291 209 389 782 576 147 288 798 637 63 199 478 464 181 50 219 419 479 423 839 482 846 932 153 236 875 935 210 915 335 514 426 82 295 719 336 702 709 423 115 796 549 612 52 573 273 919 983 343 688 55 95 611 93 300 715 791 161 18 928 315 328 30 337 620 259 150 402 23 687 48 547 777 342 99 374
26 901 944 750 907 220 548 89 387 988 295 101 47 837 106 77 417 1 914 132 701 718 396 137 23 349 657 630 600 384 866 649 858 85 573 982 260 897 11 418 881 400 619 880 546 826 209 798 210 65 896 857 943 97 80 899 418 307 944 176 148 558 849 479 984 166 614 154 165 309 981 465 702 320 723 487 308 284 814 995
948 187 333 497 884 350 362 671 321 785 505 718 657 804 218 18 88 753 960 295 124 530 802 807 355 747 208 989 209 655 651 90 434 633 228 525 893 128 5 537 186 226 471 432 871 495 316 846 16 139 581 199 910 170 146 867 965 378 214 486 900 817 748 920 110 926 201 293 818 972 619 324 211 905 417 353 909 899 423 611
625 368 498 11 755 342 105 629 148 330 235 635 221 655 599 959 308 642 497 619 457 540 388 420 759 248 96 361 822 3 562 721 314 580 638 750 228 110 253 973 345 279 486 531 42 22 917 110 238 619 462 500 855 786 143 808 851 200 644 551 113 584 194 140 731 101 637 382 23 656 590 294 707 58 830 577 548 690 376 184
109 439 406 460 751 4 697 461 329 776 654 547 905 871 96 747 739 938 360 613 671 743 723 179 541 170 931 852 651 316 121 479 222 732 383 772 407 793 245 2 310 827 219 158 411 719 222 139 864 212 698 332 56 99 104 352 130 638 988 417 217 773 378 799 747 521 677 186 855 363 482 407 709 289 878 243 861 350 147 583
382 709 63 878 121 329 589 562 32 847 317 816 467 344 417 346 654 394 952 918 175 138 234 901 222 456 76 587 74 832 909 414 798 83 152 608 747 815 468 382 572 593 498 433 795 850 924 639 429 575 36 358 340 452 562 774 888 366 911 728 72 981 482 326 445 634 704 270 516 245 552 913 428 347 836 227 797 81 652 743
734 609 892 580 38 241 367 183 736 703 49 680 862 507 312 682 816 453 6 594 923 822 772 228 88 837 196 333 113 854 400 483 351 21 6 946 696 850 605 544 873 347 483 193 356 395 870 410 252 789 315 117 153 185 546 337 675 568 70 858 980 479 370 420 929 177 14 358 204 75 293 194 49 23 480 298 113 926 821 486
866 161 976 279 581 92 0 459 224 894 757 905 869 653 737 460 761 503 999 773 93 579 261 442 975 296 859 510 818 421 542 876 671 736 182 745 524 784 339 454 318 693 530 412 744 941 508 116 772 206 83 622 16 27 321 748 708 764 671 26 706 948 574 786 993 441 743 82 255 92 346 978 919 166 855 821 795 543 900 141
79 322 643 506 655 975 603 295 835 678 774 343 419 879 499 352 472 720 366 787 980 573 703 426 939 637 346 802 67 721 909 121 168 528 130 56 667 18 645 917 181 501 191 208 673 262 228 533 918 184 805 161 547 463 490 916 641 776 862 490 100 593 803 695 755 137 346 414 42 981 812 360 709 91 273 473 172 720 180 250
564 160 483 614 224 550 581 548 783 682 187 51 768 576 538 407 793 256 65 132 879 396 673 701 543 541 319 393 820 747 983 609 392 292 405 480 830 598 627 973 974 786 305 881 455 768 658 13 836 945 105 921 341 104 232 279 605 451 629 662 678 570 860 917 632 826 814 376 11 987 105 837 782 301 471 856 495 248 302 499
833 491 623 339 799 335 909 830 596 868 346 594 670 333 734 93 278 865 435 921 227 629 116 185 249 864 951 233 795 479 239 63 77 384 766 922 537 763 272 501 841 675 442 241 679 792 520 363 217 690 641 163 359 913 323 489 421 734 483 70 866 858 585 274 407 59 504 725 921 969 103 277 514 46 860 631 522 190 944 235
837 602 142 672 503 586 527 429 12 266 961 649 905 332 546 840 242 648 219 114 822 954 69 455 465 694 347 32 675 422 598 246 35 506 603 632 221 795 64 309 812 154 532 270 130 545 820 547 539 446 260 745 354 871 503 414 336 988 806 411 510 773 617 999 691 502 256 845 47 7 353 371 269 423 190 904 244 635 288 759
656 306 827 651 416 753 189 832 98 138 5 828 957 270 691 720 836 96 709 724 260 770 155 117 992 855 707 190 705 258 659 668 344 370 528 223 519 129 224 175 115 96 742 877 536 371 37 401 292 602 952 806 479 839 636 457 124 182 820 733 166 595 634 707 213 773 624 630 686 107 711 449 705 319 688 464 272 70 483 511
872 506 670 228 88 503 804 844 950 237 225 870 170 104 275 98 559 176 323 81 635 351 559 349 305 557 308 514 747 762 318 477 330 970 492 62 714 664 542 83 514 749 266 780 762 623 13 552 16 259 498 516 99 899 518 396 386 381 328 35 892 710 260 211 87 91 461 50 591 912 74 802 652 914 736 559 246 561 68 541
329 261 381 522 42 248 734 445 864 759 877 715 881 311 120 419 295 439 140 631 421 607 178 939 848 232 618 205 657 158 280 850 973 989 109 123 697 642 853 243 950 628 730 172 482 859 977 609 197 365 562 761 568 242 850 588 418 2 630 468 187 648 588 270 593 509 769 442 116 399 224 262 208 915 882 663 179 769 691 954
261 378 313 523 387 741 420 61 381 30 789 89 864 626 23 772 163 788 857 7 617 404 182 323 100 210 544 618 904 449 203 356 615 605 871 271 722 865 634 124 923 457 835 327 314 258 858 354 593 160 691 664 529 110 239 415 857 132 476 668 121 122 963 69 798 731 894 210 63 901 935 336 582 596 762 743 439 417 178 997
806 330 165 967 201 892 33 818 634 764 554 762 32 836 147 265 456 128 895 97 604 665 377 388 940 227 856 909 867 21 420 293 34 246 390 630 501 130 242 849 802 838 102 760 896 928 888 450 359 174 536 943 259 405 9 202 704 637 722 563 570 858 122 100 394 605 688 880 554 611 876 813 334 532 209 170 732 428 134 637
476 5 170 282 303 153 584 402 4 190 946 248 916 931 678 199 357 701 17 115 729 566 721 948 996 309 382 247 40 98 136 269 910 635 855 117 110 406 786 79 865 860 497 587 80 901 878 836 644 72 465 683 213 670 663 106 912 625 914 769 920 74 274 503 949 786 457 791 540 995 827 723 984 536 922 212 117 791 531 584
442 829 92 631 817 966 17 992 66 327 484 787 609 969 488 414 715 200 491 839 987 635 783 782 342 272 394 55 350 120 593 570 404 469 493 339 962 817 117 309 597 823 327 690 681 236 445 624 100 570 676 612 624 761 462 985 710 574 453 620 384 921 547 729 683 285 142 643 972 157 249 926 543 116 613 45 853 370 315 2
423 265 264 766 670 174 801 498 578 473 601 602 506 272 623 88 32 217 896 993 622 878 586 947 224 407 397 545 158 752 768 584 400 410 507 460 496 848 919 118 395 530 635 121 31 592 814 628 542 399 163 540 414 725 861 666 405 268 331 186 951 578 780 259 145 859 600 180 456 408 362 316 711 618 898 710 342 197 678 0
740 382 889 430 402 836 902 243 659 341 596 995 540 666 124 456 946 271 396 558 824 739 727 334 349 422 631 776 667 379 3 167 510 933 603 588 179 887 481 451 124 160 71 906 346 610 738 26 692 291 366 220 24 632 743 979 972 670 146 268 616 232 731 194 801 323 789 905 40 184 109 69 840 794 286 508 350 718 926 923
453 618 104 869 811 553 967 405 921 764 334 739 915 154 603 722 852 990 925 425 30 473 948 872 274 520 76 806 549 657 609 861 3 316 902 423 506 820 161 727 292 22 867 782 915 524 926 721 117 73 355 962 779 749 505 176 822 992 162 932 922 472 97 653 856 247 582 420 782 973 558 899 833 115 905 17 765 887 433 460
883 342 808 436 309 932 189 855 261 508 424 654 281 632 38 189 117 630 736 263 228 142 248 619 410 364 810 5 812 909 411 628 458 481 42 200 688 579 916 388 696 731 961 568 369 658 517 210 366 674 421 192 312 850 968 417 880 56 689 952 569 249 289 386 637 443 724 351 778 326 352 855 295 142 218 101 255 100 683 577
649 951 953 67 587 266 954 602 893 2 644 380 224 375 655 96 830 457 404 65 734 210 744 559 858 278 41 601 693 65 961 412 394 399 70 817 24 235 630 205 171 170 714 154 930 144 240 402 797 715 252 145 294 819 714 263 294 997 773 873 984 738 267 811 901 363 546 823 897 780 342 551 156 901 337 260 873 93 684 399
594 846 273 523 539 689 783 147 17 114 51 260 421 798 954 47 45 44 123 758 738 788 313 483 331 587 425 764 312 499 73 955 201 99 343 945 10 684 375 531 924 633 328 148 81 98 780 145 708 313 764 194 609 741 621 299 155 763 900 432 862 432 517 349 503 333 910 367 979 996 48 989 719 680 397 712 522 44 19 76
99 339 514 2 633 253 704 480 463 284 86 676 70 295 566 985 907 688 5 573 398 923 550 481 934 310 524 336 537 149 747 923 204 162 985 122 280 438 428 957 975 904 754 772 563 784 819 864 219 75 258 765 612 274 34 723 781 601 286 569 498 56 200 787 636 48 754 526 373 112 791 304 571 130 233 809 455 519 747 374
552 621 591 345 190 876 345 921 117 246 536 826 352 562 99 853 690 568 97 815 940 41 773 492 166 61 647 445 437 102 389 339 325 166 407 485 402 864 371 576 987 383 627 267 317 270 305 289 354 18 305 550 109 622 901 671 434 788 138 31 130 122 258 3 337 659 90 746 593 725 63 983 444 568 631 301 229 850 594 357
8 778 516 168 532 461 963 217 120 838 188 486 364 693 302 331 862 846 481 993 189 468 759 428 594 986 477 358 225 725 61 501 476 41 790 290 290 485 654 898 528 330 727 951 715 926 194 579 193 400 377 493 193 110 976 529 238 858 944 966 373 319 201 497 998 730 46 381 307 554 296 739 736 271 337 75 901 998 509 356
600 928 473 718 140 846 51 179 309 768 752 305 540 423 292 506 872 191 10 318 188 761 583 448 756 415 517 935 290 213 86 374 921 681 35 377 772 449 915 1 223 367 855 646 470 738 450 878 222 776 64 708 798 797 582 495 969 689 973 142 808 438 63 833 119 872 16 475 726 613 641 394 961 767 29 757 439 623 21 981
382 758 942 442 46 221 276 789 74 248 579 987 400 133 146 761 996 878 27 962 695 85 930 730 535 731 619 165 293 718 711 223 916 406 629 996 124 123 302 881 327 471 167 659 524 759 723 434 203 878 16 809 64 686 126 799 850 853 97 538 68 894 121 410 282 600 962 649 522 665 298 813 28 75 246 400 771 998 782 750
225 300 155 311 245 720 899 470 522 937 208 943 19 976 422 389 247 682 358 598 873 715 900 180 994 215 149 505 881 45 340 1 289 73 981 283 799 899 628 276 693 563 614 900 464 14 12 644 336 10 535 599 116 372 37 335 989 1 53 77 75 230 467 470 291 644 926 703 854 123 500 225 325 14 116 239 699 953 107 131
